(1.0,[765.6565587200773,0.0,1.0,0.0,0.0,5.0,0.0,0.2])
(0.0,[765.6565587200773,0.0,3.0,0.0,0.0,5.0,0.0,0.2])
(1.0,[765.6565587200773,0.0,1.0,0.0,0.0,5.0,0.0,0.2])
(0.0,[765.6565587200773,0.0,4.0,0.0,0.0,5.0,0.0,0.2])
(0.0,[765.6565587200773,1.0,2.0,0.0,0.0,2.0,0.0,0.2])
Train transaction count 5
Test transaction count 5
(00fd410f5c580c8351cafa88d82b60f3,({"x":55.967487399999996,"y":39.9136824},[162.86143019369058,0.0,6.0,0.0,1.0,1.0,0.0,0.2]))
(00fd410f5c580c8351cafa88d82b60f3,({"x":55.967487399999996,"y":37.9136824},[162.86143019369058,0.0,5.0,0.0,1.0,1.0,0.0,0.8]))
(00fd410f5c580c8351cafa88d82b60f3,({"x":55.967487399999996,"y":37.9136824},[162.86143019369058,0.0,5.0,0.0,1.0,1.0,0.0,0.8]))
(00fd410f5c580c8351cafa88d82b60f3,({"x":55.967487399999996,"y":37.9136824},[162.86143019369058,0.0,5.0,0.0,1.0,1.0,0.0,0.8]))
(00fd410f5c580c8351cafa88d82b60f3,({"x":55.967487399999996,"y":37.9136824},[162.86143019369058,0.0,5.0,0.0,1.0,1.0,0.0,0.8]))
